8
10 40
7 6
4 4
40 16
7 8
5 20
4 20
24 24
5 4
7 4
7 6 
20 30
23 9
14 6
19 4
6 6
12 21
5 4
6 4
4 6
7 13
6 4
9 4
7 6
4 6
14 11
23 6
4 7
16 6
8 4
4 14
14 4
30 30
10 6
6 4
5 4
4 4
3 15
3 5
4 5
9 6
3 3
3 5
3 3
5 8
10 5
3 4
5 16
3 5
6 18
10 13
7 13
7 5
3 3
3 4
3 4
10 17
8 32
5 3
5 14
3 23
3 8
5 3
40 80
61 38
4 4
5 4
5 72
7 4
5 4
10 7
5 52
9 5
8 10
4 7
5 4
5 4
4 4
20 7
9 7
5 7
5 5
5 7
5 12
7 7
32 4
5 12
9 33
9 15
7 7
5 4
4 8
4 4
5 4
11 7
9 34
4 4
5 8
8 21
4 4
32 31
7 24
9 4
29 4
50 100
25 10
7 10
7 6
74 8
6 10
25 10
27 19
11 10
26 8
64 34
53 7
36 6
74 6
20 6
6 6
39 6
46 10
6 7
48 7 
18 6 
20 6
11 10 
10 6 
16 22
8 10
10 10 
20 14
14 6
9 6
10 6
6 10
7 6 
14 8
26 6 
11 6 
8 6
27 6
7 6
7 6
6 10
6 8 
16 6
8 10
9 7 
8 6
31 10 
47 7 
15 6
23 6 
10 7
60 50
3 3
50 4
3 5
9 4
6 25
5 8
26 30
5 3
50 3
5 5
24 30
3 19
4 21
4 12
8 3
14 24
5 3
3 8
4 5
5 4
4 3
3 4
5 3
4 3
3 4
5 4
4 3
3 5
12 6
35 13
5 5
5 5
4 3
5 5
16 6
4 3
3 3
3 3
5 5
7 5
7 5
3 3
3 5
4 14
5 21
3 5
5 5
4 7
5 3
4 5
35 12
3 6
7 21
4 15
3 3
5 24
4 5
3 5
5 8 
50 3
70 80
6 82
2 4
3 40
3 2
2 2
3 4
3 38
8 2
8 2
19 23
3 2
3 20
7 36
28 22
2 2
46 12
22 2 
2 2
3 4
3 6 
3 4
3 2
2 2
2 2
2 82
37 22
3 2
3 15
24 2 
23 38
3 2 
13 2 
2 2
3 22
11 2 
11 38
2 2
4 33 
4 2
3 37
9 12
12 7
2 2
5 2 
2 4
2 2
25 5
3 2
3 2
2 2 
3 52
3 40
2 2 
3 14
6 2
3 2 
3 2
7 2 
2 2
18 4
7 7
3 4
19 59
2 2
3 22 
23 2
18 2
9 22
13 7
3 5
80 100
17 6
12 6
3 5
3 5
37 15
5 16
16 5
3 4
20 5
4 4
3 3
4 5
4 3
34 11
4 5
4 5
4 5
8 6
4 4
23 4
10 3
12 4
23 4
3 4
3 11
37 3
3 7
3 4
7 50
11 19
40 13
20 3 
13 43
8 20
3 5
5 20
3 9
4 7
5 11
4 28
10 6
4 4
9 11
7 6
9 3
3 22
5 8
3 4
4 3
3 3
3 14
4 3
4 4
10 6
20 4
9 24
4 35
11 8
4 4
4 3
23 34
3 5
4 29
8 10
3 12
7 3
11 8 
3 3
4 21
3 5
7 35
16 5
23 35
7 4
3 4 
3 10
4 5 
12 10
3 15
18 4
